x = [43.066.406
86.132.813
129.199.219
172.265.625
215.332.031
258.398.438
301.464.844
344.531.250
387.597.656
430.664.063
473.730.469
516.796.875
559.863.281
602.929.688
645.996.094
689.062.500
732.128.906
775.195.313
818.261.719
861.328.125
904.394.531
947.460.938
990.527.344
1.033.593.750
1.076.660.156
1.119.726.563
1.162.792.969
1.205.859.375
1.248.925.781
1.291.992.188
1.335.058.594
1.378.125.000
1.421.191.406
1.464.257.813
1.507.324.219
1.550.390.625
1.593.457.031
1.636.523.438
1.679.589.844
1.722.656.250
1.765.722.656
1.808.789.063
1.851.855.469
1.894.921.875
1.937.988.281
1.981.054.688
2.024.121.094
2.067.187.500
2.110.253.906
2.153.320.313
2.196.386.719
2.239.453.125
2.282.519.531
2.325.585.938
2.368.652.344
2.411.718.750
2.454.785.156
2.497.851.563
2.540.917.969
2.583.984.375
2.627.050.781
2.670.117.188
2.713.183.594
2.756.250.000
2.799.316.406
2.842.382.813
2.885.449.219
2.928.515.625
2.971.582.031
3.014.648.438
3.057.714.844
3.100.781.250
3.143.847.656
3.186.914.063
3.229.980.469
3.273.046.875
3.316.113.281
3.359.179.688
3.402.246.094
3.445.312.500
3.488.378.906
3.531.445.313
3.574.511.719
3.617.578.125
3.660.644.531
3.703.710.938
3.746.777.344
3.789.843.750
3.832.910.156
3.875.976.563
3.919.042.969
3.962.109.375
4.005.175.781
4.048.242.188
4.091.308.594
4.134.375.000
4.177.441.406
4.220.507.813
4.263.574.219
4.306.640.625
4.349.707.031
4.392.773.438
4.435.839.844
4.478.906.250
4.521.972.656
4.565.039.063
4.608.105.469
4.651.171.875
4.694.238.281
4.737.304.688
4.780.371.094
4.823.437.500
4.866.503.906
4.909.570.313
4.952.636.719
4.995.703.125
5.038.769.531
5.081.835.938
5.124.902.344
5.167.968.750
5.211.035.156
5.254.101.563
5.297.167.969
5.340.234.375
5.383.300.781
5.426.367.188
5.469.433.594
5.512.500.000
5.555.566.406
5.598.632.813
5.641.699.219
5.684.765.625
5.727.832.031
5.770.898.438
5.813.964.844
5.857.031.250
5.900.097.656
5.943.164.063
5.986.230.469
6.029.296.875
6.072.363.281
6.115.429.688
6.158.496.094
6.201.562.500
6.244.628.906
6.287.695.313
6.330.761.719
6.373.828.125
6.416.894.531
6.459.960.938
6.503.027.344
6.546.093.750
6.589.160.156
6.632.226.563
6.675.292.969
6.718.359.375
6.761.425.781
6.804.492.188
6.847.558.594
6.890.625.000
6.933.691.406
6.976.757.813
7.019.824.219
7.062.890.625
7.105.957.031
7.149.023.438
7.192.089.844
7.235.156.250
7.278.222.656
7.321.289.063
7.364.355.469
7.407.421.875
7.450.488.281
7.493.554.688
7.536.621.094
7.579.687.500
7.622.753.906
7.665.820.313
7.708.886.719
7.751.953.125
7.795.019.531
7.838.085.938
7.881.152.344
7.924.218.750
7.967.285.156
8.010.351.563
8.053.417.969
8.096.484.375
8.139.550.781
8.182.617.188
8.225.683.594
8.268.750.000
8.311.816.406
8.354.882.813
8.397.949.219
8.441.015.625
8.484.082.031
8.527.148.438
8.570.214.844
8.613.281.250
8.656.347.656
8.699.414.063
8.742.480.469
8.785.546.875
8.828.613.281
8.871.679.688
8.914.746.094
8.957.812.500
9.000.878.906
9.043.945.313
9.087.011.719
9.130.078.125
9.173.144.531
9.216.210.938
9.259.277.344
9.302.343.750
9.345.410.156
9.388.476.563
9.431.542.969
9.474.609.375
9.517.675.781
9.560.742.188
9.603.808.594
9.646.875.000
9.689.941.406
9.733.007.813
9.776.074.219
9.819.140.625
9.862.207.031
9.905.273.438
9.948.339.844
9.991.406.250
10.034.472.656
10.077.539.063
10.120.605.469
10.163.671.875
10.206.738.281
10.249.804.688
10.292.871.094
10.335.937.500
10.379.003.906
10.422.070.313
10.465.136.719
10.508.203.125
10.551.269.531
10.594.335.938
10.637.402.344
10.680.468.750
10.723.535.156
10.766.601.563
10.809.667.969
10.852.734.375
10.895.800.781
10.938.867.188
10.981.933.594
11.025.000.000
11.068.066.406
11.111.132.813
11.154.199.219
11.197.265.625
11.240.332.031
11.283.398.438
11.326.464.844
11.369.531.250
11.412.597.656
11.455.664.063
11.498.730.469
11.541.796.875
11.584.863.281
11.627.929.688
11.670.996.094
11.714.062.500
11.757.128.906
11.800.195.313
11.843.261.719
11.886.328.125
11.929.394.531
11.972.460.938
12.015.527.344
12.058.593.750
12.101.660.156
12.144.726.563
12.187.792.969
12.230.859.375
12.273.925.781
12.316.992.188
12.360.058.594
12.403.125.000
12.446.191.406
12.489.257.813
12.532.324.219
12.575.390.625
12.618.457.031
12.661.523.438
12.704.589.844
12.747.656.250
12.790.722.656
12.833.789.063
12.876.855.469
12.919.921.875
12.962.988.281
13.006.054.688
13.049.121.094
13.092.187.500
13.135.253.906
13.178.320.313
13.221.386.719
13.264.453.125
13.307.519.531
13.350.585.938
13.393.652.344
13.436.718.750
13.479.785.156
13.522.851.563
13.565.917.969
13.608.984.375
13.652.050.781
13.695.117.188
13.738.183.594
13.781.250.000
13.824.316.406
13.867.382.813
13.910.449.219
13.953.515.625
13.996.582.031
14.039.648.438
14.082.714.844
14.125.781.250
14.168.847.656
14.211.914.063
14.254.980.469
14.298.046.875
14.341.113.281
14.384.179.688
14.427.246.094
14.470.312.500
14.513.378.906
14.556.445.313
14.599.511.719
14.642.578.125
14.685.644.531
14.728.710.938
14.771.777.344
14.814.843.750
14.857.910.156
14.900.976.563
14.944.042.969
14.987.109.375
15.030.175.781
15.073.242.188
15.116.308.594
15.159.375.000
15.202.441.406
15.245.507.813
15.288.574.219
15.331.640.625
15.374.707.031
15.417.773.438
15.460.839.844
15.503.906.250
15.546.972.656
15.590.039.063
15.633.105.469
15.676.171.875
15.719.238.281
15.762.304.688
15.805.371.094
15.848.437.500
15.891.503.906
15.934.570.313
15.977.636.719
16.020.703.125
16.063.769.531
16.106.835.938
16.149.902.344
16.192.968.750
16.236.035.156
16.279.101.563
16.322.167.969
16.365.234.375
16.408.300.781
16.451.367.188
16.494.433.594
16.537.500.000
16.580.566.406
16.623.632.813
16.666.699.219
16.709.765.625
16.752.832.031
16.795.898.438
16.838.964.844
16.882.031.250
16.925.097.656
16.968.164.063
17.011.230.469
17.054.296.875
17.097.363.281
17.140.429.688
17.183.496.094
17.226.562.500
17.269.628.906
17.312.695.313
17.355.761.719
17.398.828.125
17.441.894.531
17.484.960.938
17.528.027.344
17.571.093.750
17.614.160.156
17.657.226.563
17.700.292.969
17.743.359.375
17.786.425.781
17.829.492.188
17.872.558.594
17.915.625.000
17.958.691.406
18.001.757.813
18.044.824.219
18.087.890.625
18.130.957.031
18.174.023.438
18.217.089.844
18.260.156.250
18.303.222.656
18.346.289.063
18.389.355.469
18.432.421.875
18.475.488.281
18.518.554.688
18.561.621.094
18.604.687.500
18.647.753.906
18.690.820.313
18.733.886.719
18.776.953.125
18.820.019.531
18.863.085.938
18.906.152.344
18.949.218.750
18.992.285.156
19.035.351.563
19.078.417.969
19.121.484.375
19.164.550.781
19.207.617.188
19.250.683.594
19.293.750.000
19.336.816.406
19.379.882.813
19.422.949.219
19.466.015.625
19.509.082.031
19.552.148.438
19.595.214.844
19.638.281.250
19.681.347.656
19.724.414.063
19.767.480.469
19.810.546.875
19.853.613.281
19.896.679.688
19.939.746.094
19.982.812.500
20.025.878.906
20.068.945.313
20.112.011.719
20.155.078.125
20.198.144.531
20.241.210.938
20.284.277.344
20.327.343.750
20.370.410.156
20.413.476.563
20.456.542.969
20.499.609.375
20.542.675.781
20.585.742.188
20.628.808.594
20.671.875.000
20.714.941.406
20.758.007.813
20.801.074.219
20.844.140.625
20.887.207.031
20.930.273.438
20.973.339.844
21.016.406.250
21.059.472.656
21.102.539.063
21.145.605.469
21.188.671.875
21.231.738.281
21.274.804.688
21.317.871.094
21.360.937.500
21.404.003.906
21.447.070.313
21.490.136.719
21.533.203.125
21.576.269.531
21.619.335.938
21.662.402.344
21.705.468.750
21.748.535.156
21.791.601.563
21.834.667.969
21.877.734.375
21.920.800.781
21.963.867.188
22.006.933.594];
